1608865150 77.5
1608964509 77.1
1609045899 76.5
1609131207 77.3
1609188002 78.1
1609234126 77.1
1609293598 76.4
1609323212 77.3
1609406273 75.5
1609561351 77.2
1609658930 76.4
1609740902 76.8
1609834692 77
1609907428 76.7
1609963748 75.8
1610070474 76.1
1610366326 75.9
1610429240 75.3
1610509176 76.8
1610587326 75.7
1610675897 75.7
1610771938 75.5
1610861221 74.9
1610921704 75
1611008663 76.5
1611111226 75
1611196033 75.2
1611250376 75.2
1611373705 76.7
1611457661 75.7
1611549814 75.9
1611636044 75.3
1611716260 74.9
1611808225 76.3
1611877140 75.9
1611985952 76
1612066954 76.4
1612231240 77.5
1612313352 76.9
1612491918 77
1612568440 76.2
1612666767 76.1
1612754472 75.2
1612829099 75
1612927002 74.6
1613015500 75.3
1613108268 75
1613187901 75.7
1613692927 76.3
1613790153 76.1
1613867481 76.3
1613960085 75.5
1614041668 76.2
1614145564 75.6
1614221340 75.3
1614306782 75.3
1614387940 75
1614456035 75.5
1614576631 75.6
1614642178 75.2
1614737137 75.8
1614812940 74.6
1614902952 75.5
1614997822 75.2
1615077764 75
1615174607 74.3
1615259973 74.2
1615344903 74
1615422639 74.9
1615521518 76
1615713244 76.5
1615781091 75.3
1615952488 76.2
1616037846 76
1616107022 76.2
1616207667 76.2
1616291339 76
1616378888 76.4
1616456669 75.5
1616712694 77.2
1616802719 76.8
1617224813 75.5
1617318748 75.4
1617401091 75.4
1617576379 76.7
1617662559 75.5
1617754907 74.7
1617837988 74.9
1617922782 74.8
1618017278 74.7
1618102743 74.2
1618184377 74.1
1618275412 73.8
1618355696 74.6
1618442094 74.7
1618525869 74.3
1618621168 73.8
1618798794 74.7
1618958828 73.5
1619041587 73.6
1619133608 73.5
1619225160 74
1619310173 74.1
1619480662 73.5
1619558888 73.9
1619839744 73.5
1620003949 73.4
1620093823 74.4
1620172995 74.2
1620257926 74.3
1620349492 73.4
1620528635 74.3
1620690273 75.4
1620862528 74
1621045361 74
1621135850 75.1
1621218681 74.2
1621299139 73.7
1621468744 73.4
1621552869 72.9
1621646755 74.2
1625653962 74.8
1625654153 74.8
1625698966 73.8
1625786061 73.9
1625893756 74.1
1626060763 75.6
1626122225 74.8
1626207311 74.5
1626297502 74.5
1626387978 75
1626513583 75.5
1627263843 74.8
1627435689 75.1
1627521285 75.5
1627598809 74.8
1627788468 75.7
1627859890 75.3
1627965471 75.4
1628049605 75.5
1628119224 74.4
1628205563 74.3
1628640767 74.9
1628727041 75.7
1628836022 74.7
1628900264 75.9
1629096241 76.1
1629155656 75.2
1629240913 75.3
1629332400 74.8
1629413970 75
1629536183 75.2
1629758527 75.3
1629869259 75.1
